Student ID | Assessment 1    | Assessment 2    | Assessment 3    | Course Id  | Total      | GPA       
--------------------------------------------------------------------------------------------------
231        | 98.00           | 99.00           | 0.00            | 101        | 98.50      | 3.94      
1          | 85.00           | 88.00           | 0.00            | 103        | 86.50      | 3.46      
1          | 100.00          | 100.00          | 100.00          | 104        | 100.00     | 4.00      
1          | 67.00           | 58.00           | 0.00            | 105        | 63.40      | 2.54      
22         | 40.00           | 56.00           | 67.00           | 101        | 48.00      | 1.92      
22         | 67.00           | 66.00           | 55.00           | 102        | 66.70      | 2.67      
22         | 44.00           | 44.00           | 44.00           | 103        | 44.00      | 1.76      
22         | 55.00           | 66.00           | 55.00           | 104        | 57.75      | 2.31      
22         | 55.00           | 44.00           | 44.00           | 105        | 50.60      | 2.02      
234        | 26.00           | 90.00           | 78.00           | 101        | 58.00      | 2.32      
234        | 72.00           | 44.00           | 85.00           | 102        | 63.60      | 2.54      
234        | 39.00           | 4.00            | 99.00           | 103        | 21.50      | 0.86      
234        | 87.00           | 94.00           | 99.00           | 104        | 94.75      | 3.79      
234        | 73.00           | 69.00           | 58.00           | 105        | 71.40      | 2.86      
235        | 56.00           | 65.00           | 65.00           | 101        | 60.50      | 2.42      
235        | 56.00           | 56.00           | 56.00           | 102        | 56.00      | 2.24      
235        | 57.00           | 57.00           | 57.00           | 103        | 57.00      | 2.28      
235        | 57.00           | 57.00           | 57.00           | 104        | 57.00      | 2.28      
235        | 57.00           | 57.00           | 89.00           | 105        | 57.00      | 2.28      
235        | 50.00           | 50.00           | 0.00            | 101        | 50.00      | 2.00      
235        | 100.00          | 100.00          | 0.00            | 108        | 50.00      | 2.00      
235        | 87.00           | 90.00           | 0.00            | 107        | 80.45      | 3.22      
235        | 90.00           | 90.00           | 90.00           | 102        | 90.00      | 3.60      
235        | 87.00           | 56.00           | 74.00           | 103        | 71.50      | 2.86      
